5 5.00679016113e-06
6 4.05311584473e-06
7 4.05311584473e-06
8 5.96046447754e-06
9 9.05990600586e-06
10 1.50203704834e-05
11 2.28881835938e-05
12 3.79085540771e-05
13 6.00814819336e-05
14 9.79900360107e-05
15 0.000158071517944
16 0.000261783599854
17 0.000407934188843
18 0.000696182250977
19 0.00107908248901
20 0.00186800956726
21 0.00304293632507
22 0.00492906570435
23 0.0074028968811
24 0.0122950077057
25 0.0202240943909
26 0.033175945282
27 0.0545659065247
28 0.0861101150513
29 0.137545824051
30 0.223392963409
31 0.372852087021
32 0.613652944565
33 0.987419843674
34 1.56562995911
